================================================================================
EV Threshold Optimization Results - Boat Racing Model
Generated: 2026-03-26 15:42:40
================================================================================

Method: Walk-Forward validation (5 expanding windows)
EV range tested: 1.00 to 2.00 (step 0.05)
Optimization target: Maximize PF (Profit Factor) with >= 50 bets

--------------------------------------------------------------------------------
CURRENT MODEL DEFAULTS:
  Win:      min_ev = 1.25
  Exacta:   min_ev = 1.15
  Quinella: min_ev = 1.10
--------------------------------------------------------------------------------

================================================================================
OPTIMAL THRESHOLDS (maximize PF with >= 50 bets)
================================================================================

  Win (Tansho):
    Optimal EV threshold: 2.00
    PF:        2.910
    Recovery:  2.5827 (258.3%)
    Hit rate:  0.1715 (17.2%)
    N bets:    822
    Sharpe:    6.672
    MDD:       8,600 yen
    Avg EV:    3.349
    Total PnL: 260,200 yen

  Exacta (Nirentan):
    Optimal EV threshold: 1.95
    PF:        3.241
    Recovery:  3.0737 (307.4%)
    Hit rate:  0.0745 (7.4%)
    N bets:    711
    Sharpe:    3.971
    MDD:       16,475 yen
    Avg EV:    4.039
    Total PnL: 294,880 yen

  Quinella (Nirenfuku):
    Optimal EV threshold: 2.00
    PF:        3.208
    Recovery:  2.9629 (296.3%)
    Hit rate:  0.1111 (11.1%)
    N bets:    1278
    Sharpe:    6.214
    MDD:       10,800 yen
    Avg EV:    4.466
    Total PnL: 501,720 yen

================================================================================
DETAILED RESULTS: Win (Tansho)
================================================================================
 EV Thresh   N Bets   Hit Rate       PF   Recovery   Sharpe        MDD   Avg EV    Total PnL
------------------------------------------------------------------------------------------------
      1.00     2212     0.2071    2.061     1.8413    7.806      8,700    2.123      372,200
      1.05     2111     0.2089    2.134     1.8967    7.975      8,400    2.176      378,600
      1.10     2000     0.2100    2.201     1.9485    8.046      8,800    2.237      379,400
      1.15     1901     0.2088    2.258     1.9955    8.072      8,700    2.295      378,500
      1.20     1819     0.2051    2.285     2.0214    7.989      8,700    2.345      371,600
      1.25     1722     0.2033    2.353     2.0781    8.030      9,100    2.409      371,300 [CURRENT]
      1.30     1635     0.1976    2.382     2.1092    7.901      8,900    2.469      362,700
      1.35     1525     0.1941    2.445     2.1643    7.853      8,800    2.552      355,100
      1.40     1438     0.1926    2.533     2.2378    7.917      8,200    2.623      356,000
      1.45     1362     0.1931    2.629     2.3142    8.018      7,200    2.690      358,000
      1.50     1291     0.1875    2.641     2.3335    7.827      7,200    2.757      344,300
      1.55     1229     0.1855    2.697     2.3820    7.787      7,200    2.819      339,700
      1.60     1168     0.1824    2.703     2.3921    7.559      6,800    2.884      325,200
      1.65     1109     0.1812    2.760     2.4414    7.484      9,600    2.951      319,700
      1.70     1058     0.1767    2.719     2.4154    7.193      8,800    3.013      299,500
      1.75     1016     0.1752    2.792     2.4779    7.235     10,000    3.066      300,300
      1.80      969     0.1744    2.804     2.4897    7.071      9,600    3.129      288,700
      1.85      937     0.1718    2.792     2.4840    6.932      9,200    3.173      278,100
      1.90      893     0.1736    2.862     2.5386    6.914      9,000    3.237      274,800
      1.95      853     0.1723    2.873     2.5498    6.743      9,400    3.299      264,400
      2.00      822     0.1715    2.910     2.5827    6.672      8,600    3.349      260,200 <-- OPTIMAL

================================================================================
DETAILED RESULTS: Exacta (Nirentan)
================================================================================
 EV Thresh   N Bets   Hit Rate       PF   Recovery   Sharpe        MDD   Avg EV    Total PnL
------------------------------------------------------------------------------------------------
      1.00     1173     0.0938    2.533     2.3891    4.247     10,200    3.019      325,890
      1.05     1153     0.0919    2.532     2.3913    4.191     10,200    3.053      320,825
      1.10     1125     0.0907    2.566     2.4243    4.190     10,000    3.102      320,475
      1.15     1094     0.0887    2.599     2.4570    4.172      9,800    3.158      318,800 [CURRENT]
      1.20     1067     0.0881    2.627     2.4838    4.153      9,900    3.209      316,640
      1.25     1045     0.0871    2.660     2.5151    4.156      9,400    3.250      316,665
      1.30     1020     0.0873    2.711     2.5613    4.183      9,400    3.299      318,515
      1.35      987     0.0861    2.757     2.6060    4.172      9,400    3.365      317,030
      1.40      958     0.0856    2.795     2.6418    4.149      9,200    3.425      314,570
      1.45      930     0.0817    2.807     2.6591    4.079      8,800    3.485      308,585
      1.50      910     0.0802    2.839     2.6915    4.073      9,235    3.529      307,860
      1.55      883     0.0781    2.886     2.7382    4.065      9,035    3.591      306,960
      1.60      863     0.0788    2.928     2.7761    4.067      9,235    3.637      306,550
      1.65      831     0.0770    2.997     2.8430    4.068      8,700    3.715      306,300
      1.70      806     0.0769    3.035     2.8784    4.039     11,360    3.778      302,795
      1.75      786     0.0763    3.089     2.9294    4.049     13,660    3.830      303,295
      1.80      773     0.0763    3.118     2.9560    4.042     12,660    3.865      302,395
      1.85      748     0.0775    3.188     3.0188    4.048     17,050    3.933      302,005
      1.90      731     0.0739    3.188     3.0265    3.979     17,275    3.981      296,270
      1.95      711     0.0745    3.241     3.0737    3.971     16,475    4.039      294,880 <-- OPTIMAL
      2.00      695     0.0719    3.215     3.0553    3.863     15,875    4.087      285,690

================================================================================
DETAILED RESULTS: Quinella (Nirenfuku)
================================================================================
 EV Thresh   N Bets   Hit Rate       PF   Recovery   Sharpe        MDD   Avg EV    Total PnL
------------------------------------------------------------------------------------------------
      1.00     1857     0.1287    2.588     2.3838    6.238     11,900    3.554      513,940
      1.05     1852     0.1280    2.589     2.3859    6.232     11,500    3.561      513,340
      1.10     1840     0.1272    2.599     2.3952    6.234     11,500    3.577      513,440 [CURRENT]
      1.15     1829     0.1263    2.595     2.3939    6.197     11,800    3.592      509,880
      1.20     1805     0.1258    2.615     2.4118    6.199     11,800    3.624      509,660
      1.25     1774     0.1246    2.638     2.4342    6.194     11,800    3.666      508,840
      1.30     1729     0.1215    2.664     2.4618    6.163     12,300    3.728      505,480
      1.35     1697     0.1173    2.659     2.4642    6.069     12,100    3.774      496,960
      1.40     1657     0.1165    2.704     2.5053    6.097     11,900    3.832      498,860
      1.45     1630     0.1166    2.742     2.5391    6.135     11,500    3.871      501,760
      1.50     1595     0.1141    2.763     2.5621    6.101     11,100    3.924      498,320
      1.55     1554     0.1139    2.818     2.6113    6.137     10,500    3.987      500,800
      1.60     1529     0.1138    2.858     2.6465    6.173     10,300    4.027      503,500
      1.65     1490     0.1134    2.911     2.6940    6.197     10,300    4.090      504,820
      1.70     1459     0.1131    2.947     2.7271    6.195     11,000    4.141      503,980
      1.75     1433     0.1110    2.957     2.7396    6.137     11,000    4.185      498,560
      1.80     1393     0.1084    2.973     2.7592    6.050     11,000    4.254      490,100
      1.85     1361     0.1095    3.040     2.8167    6.109     11,000    4.311      494,500
      1.90     1333     0.1103    3.102     2.8698    6.162     11,000    4.362      498,500
      1.95     1302     0.1098    3.152     2.9160    6.175     10,800    4.420      498,920
      2.00     1278     0.1111    3.208     2.9629    6.214     10,800    4.466      501,720 <-- OPTIMAL

================================================================================
COMPARISON: CURRENT vs OPTIMAL
================================================================================

  Win:
                              Current      Optimal       Change
    Threshold                    1.25         2.00
    PF                          2.353        2.910       +0.557
    Recovery                   2.0781       2.5827      +0.5046
    Hit Rate                   0.2033       0.1715      -0.0318
    N Bets                       1722          822         -900
    Total PnL                 371,300      260,200     -111,100

  Exacta:
                              Current      Optimal       Change
    Threshold                    1.15         1.95
    PF                          2.599        3.241       +0.642
    Recovery                   2.4570       3.0737      +0.6167
    Hit Rate                   0.0887       0.0745      -0.0142
    N Bets                       1094          711         -383
    Total PnL                 318,800      294,880      -23,920

  Quinella:
                              Current      Optimal       Change
    Threshold                    1.10         2.00
    PF                          2.599        3.208       +0.609
    Recovery                   2.3952       2.9629      +0.5677
    Hit Rate                   0.1272       0.1111      -0.0161
    N Bets                       1840         1278         -562
    Total PnL                 513,440      501,720      -11,720

================================================================================
NOTES:
  - PF (Profit Factor) = Gross Profit / Gross Loss (>1.0 = profitable)
  - Recovery = Total Return / Total Bet (>1.0 = net positive)
  - Higher EV threshold = fewer bets but potentially higher quality
  - Lower EV threshold = more bets but potentially more noise
  - Optimal = highest PF with at least 50 bets across all folds
  - Walk-Forward prevents lookahead bias (expanding window)
================================================================================