======================================================================
ATR-Based SL/TP Optimization Results
======================================================================
Data: USDJPY 1H, 11855 bars
Model: v3.2 Ensemble (n_est=500, lr=0.03)
ATR Period: 14
Forecast Horizon: 12h
Filters: confidence>=0.6, agreement>=4
Max Hold: 24 bars
Max Folds: 8
Spread: 0.0003
Total time: 38s

----------------------------------------------------------------------
  SL   TP |     PF  WinR%   W/L   MDD% | Trades  TotRet% |   SL%   TP%   TM%
----------------------------------------------------------------------
 3.0  2.5 |   1.36   60.4  0.85   43.1 |   2925   130.92 |    28    50    22
 2.5  2.5 |   1.36   58.2  0.94   40.3 |   2925   129.68 |    34    48    18
 2.5  3.0 |   1.34   54.6  1.07   52.4 |   2925   130.15 |    36    39    25
 3.0  3.0 |   1.34   56.8  0.97   54.3 |   2925   131.25 |    29    40    31
 2.0  2.5 |   1.33   53.9  1.09   35.2 |   2925   117.90 |    41    46    13
 3.0  2.0 |   1.32   64.6  0.69   38.4 |   2925   107.41 |    26    59    15
 2.5  2.0 |   1.32   62.4  0.77   35.3 |   2925   106.66 |    31    58    11
 2.0  3.0 |   1.31   50.5  1.24   43.6 |   2925   119.62 |    43    37    20
 2.0  2.0 |   1.30   58.2  0.90   34.0 |   2925    97.91 |    38    55     8
 3.0  1.5 |   1.28   70.8  0.50   30.2 |   2925    67.46 |    23    68     9
 2.5  1.5 |   1.27   68.3  0.55   28.0 |   2925    63.27 |    27    66     7
 1.5  2.5 |   1.25   46.9  1.37   28.7 |   2925    92.06 |    50    41     9
 3.0  1.0 |   1.24   79.6  0.30   18.7 |   2925    44.42 |    17    79     4
 1.5  3.0 |   1.24   43.7  1.55   35.4 |   2925    91.38 |    53    33    14
 1.5  2.0 |   1.24   51.6  1.12   28.8 |   2925    77.39 |    46    49     5
 2.0  1.5 |   1.23   64.2  0.65   27.1 |   2925    54.67 |    33    63     4
 2.5  1.0 |   1.22   77.4  0.34   19.6 |   2925    37.38 |    20    77     3
 2.0  1.0 |   1.18   73.9  0.40   16.0 |   2925    30.39 |    25    74     2
 1.5  1.5 |   1.15   57.7  0.82   23.5 |   2925    38.27 |    41    57     2
 1.0  3.0 |   1.14   33.7  2.19   24.6 |   2925    47.30 |    65    27     8
 1.0  2.5 |   1.14   36.5  1.94   19.0 |   2925    45.59 |    63    33     4
 1.0  2.0 |   1.11   40.8  1.57   19.2 |   2925    30.65 |    59    39     2
 1.5  1.0 |   1.08   67.6  0.50   14.5 |   2925    13.10 |    32    67     1
 1.0  1.5 |   1.02   46.4  1.15   15.2 |   2925    -1.08 |    53    46     1
 1.0  1.0 |   0.92   56.0  0.71   14.8 |   2925   -22.75 |    44    56     0
----------------------------------------------------------------------

======================================================================
OPTIMAL SL/TP COMBINATION
======================================================================
  SL Multiplier: 2.5 x ATR
  TP Multiplier: 1.5 x ATR
  Risk/Reward:   1:0.60
  Profit Factor: 1.27
  Win Rate:      68.3%
  W/L Ratio:     0.55
  Max Drawdown:  28.0%
  Total Trades:  2925
  Total Return:  63.27%
  Avg Return:    0.0216%
  Exit Breakdown: SL=27% TP=66% TIME=7%
======================================================================

Current paper_trade.py settings: SL=1.5xATR, TP=2.0xATR
  Current PF:  1.24  vs  Optimal PF:  1.27
  Current WR:  51.6%  vs  Optimal WR:  68.3%
  Current MDD: 28.8%  vs  Optimal MDD: 28.0%